14.37
14.54
14.51
14.46
14.45
14.38
14.51
14.54
14.42
14.50
14.59
14.47
14.61
14.80
14.95
14.33
14.43
14.46
14.36
14.71
14.40
14.51
14.74
14.94
14.94
14.95
14.82
14.86
14.88
14.40
14.80
14.54
14.98
14.98
14.87
14.45
14.91
14.94
14.47
14.91
14.81
14.79
14.82
14.92
14.89
14.90
14.99
15.02
15.02
15.03
14.90
15.00
14.93
15.00
14.92
14.91
14.89
14.79
14.76
14.72
14.68
14.68
14.27
14.11
14.16
14.11
14.10
14.06
14.02
14.06
14.03
14.13
14.17
14.12
14.11
14.41
13.99
14.05
14.49
14.15
14.61
14.11
14.17
14.12
14.18
14.22
14.22
14.27
14.20
14.22
14.16
14.11
14.09
13.72
13.96
13.96
13.56
13.97
13.97
13.89
13.86
13.77
13.81
13.86
13.91
14.00
14.01
14.07
13.60
13.61
13.57
13.52
13.98
13.52
13.58
13.54
13.54
13.94
13.60
13.54
13.99
13.88
13.97
13.97
13.51
13.59
13.80
14.08
13.99
14.00
13.98
14.00
13.92
13.87
13.91
13.83
13.93
13.95
13.41
13.88
13.39
13.68
13.70
13.25
13.60
13.21
13.65
13.66
13.67
13.63
13.67
13.59
13.59
13.72
13.61
13.69
13.70
13.76
13.74
13.67
13.66
13.60
13.65
13.71
13.73
13.59
13.70
13.71
13.61
13.60
13.17
13.14
13.12
13.52
13.17
13.18
13.45
13.46
13.51
13.13
13.48
13.48
13.11
13.11
13.47
13.49
13.14
13.51
13.54
13.50
13.60
13.56
13.28
13.26
13.15
13.22
13.21
13.48
13.46
13.52
13.48
13.47
13.45
13.57
13.60
13.53
13.36
13.40
13.40
13.43
13.38
13.36
13.34
13.29
13.29
13.35
13.21
13.28
13.18
13.47
13.18
13.15
13.14
13.12
13.03
13.06
13.01
13.03
13.00
12.96
13.04
13.09
13.08
12.86
12.84
12.95
12.91
12.75
12.89
12.88
12.92
12.81
13.17
12.83
12.90
12.88
13.00
12.99
12.91
12.89
12.99
12.97
12.98
12.98
12.96
12.65
12.96
12.97
12.94
12.93
12.91
12.93
12.96
12.91
12.94
12.96
12.99
12.98
13.09
13.22
13.13
13.21
13.14
12.96
13.01
12.90
13.03
13.06
13.08
13.14
13.02
13.04
13.03
13.13
13.13
12.83
13.12
12.76
13.08
12.73
12.71
12.76
13.08
12.78
12.81
12.74
12.72
12.75
12.67
12.67
12.63
12.77
12.69
12.73
12.74
12.66
12.61
12.85
12.81
12.80
12.76
12.76
12.89
12.89
12.87
12.84
12.79
12.77
12.76
12.74
12.83
12.72
12.84
12.77
12.69
12.79
12.67
12.74
12.64
12.66
12.63
12.60
12.60
13.01
12.51
12.54
12.44
12.41
12.33
12.31
12.60
12.40
12.29
12.26
12.37
12.47
12.82
12.77
12.44
12.33
12.78
12.76
12.76
12.72
12.69
12.67
12.69
12.39
12.71
12.65
12.79
12.73
12.81
12.85
13.25
12.86
13.19
12.90
12.84
12.70
12.66
12.69
12.61
12.58
12.67
12.59
12.66
12.76
12.57
12.67
13.14
12.89
12.41
12.74
12.58
12.53
12.44
12.48
12.48
12.52
12.50
12.56
12.44
12.40
12.48
12.46
12.76
12.50
12.31
12.45
12.25
11.87
12.27
12.17
12.26
12.30
12.31
12.40
12.39
12.33
12.12
12.62
12.57
12.24
12.11
12.12
12.56
12.31
12.38
12.48
12.00
12.10
12.29
12.33
12.61
12.55
12.10
12.18
12.45
12.07
12.31
11.90
11.87
11.98
11.75
11.85
11.94
11.87
11.90
11.92
11.96
11.96
12.03
11.68
11.81
11.75
11.98
11.81
11.74
11.67
11.97
11.97
11.63
11.88
11.55
11.65
11.66
11.56
11.61
11.60
11.69
11.69
11.65
11.77
11.51
11.49
11.80
11.42
11.32
11.67
11.62
11.57
11.56
11.59
11.29
11.24
11.21
11.46
11.33
11.31
11.26
11.20
11.25
11.23
11.29
11.37
11.59
11.53
11.16
11.39
11.36
11.44
11.44
11.41
11.32
11.37
11.42
11.43
11.45
11.55
11.54
11.58
11.40
11.41
11.51
11.44
11.52
11.54
11.55
11.40
11.36
11.35
11.50
11.49
11.38
11.43
11.32
11.27
11.23
11.14
11.29
11.17
11.12
11.13
11.23
11.17
11.26
11.24
11.34
11.26
11.19
11.20
11.17
11.09
11.20
11.10
11.06
11.00
11.10
10.98
11.16
11.34
11.21
11.04
10.90
10.81
10.74
10.84
10.94
11.05
10.77
10.79
10.83
10.75
10.55
10.78
10.71
10.65
10.69
10.71
10.67
10.79
10.81
10.75
10.77
10.80
10.81
10.78
10.75
10.70
10.73
10.78
10.80
10.84
10.75
10.72
10.76
10.66
10.60
10.60
10.57
10.49
10.52
10.52
10.51
10.55
10.57
10.51
10.39
10.51
10.58
10.66
10.73
10.71
10.55
10.63
10.63
10.62
10.60
10.77
10.63
10.55
10.52
10.45
10.54
10.47
10.47
10.41
10.50
10.45
10.46
10.53
10.48
10.52
10.58
10.53
10.62
10.52
10.58
10.47
10.37
10.62
10.60
10.55
10.31
10.27
10.27
10.48
10.46
10.39
10.35
10.59
10.35
10.42
10.47
10.36
10.37
10.37
10.38
10.45
10.40
10.45
10.42
10.37
10.41
10.27
10.42
10.48
10.38
10.38
10.35
10.31
10.37
10.42
10.41
10.47
10.39
10.55
10.44
10.32
10.43
10.31
10.46
10.40
10.38
10.36
10.30
10.31
10.24
10.31
10.31
10.24
10.25
10.21
10.34
10.22
10.14
10.02
9.96
10.11
10.05
10.06
9.99
9.97
9.97
10.01
9.97
9.99
9.98
9.92
10.02
9.89
9.95
9.93
9.88
9.84
9.89
9.90
9.80
9.87
9.89
9.81
9.70
9.76
9.76
9.79
9.67
9.74
9.69
9.72
9.75
9.68
9.68
9.70
9.69
9.68
9.67
9.77
9.69
9.69
9.71
9.78
9.67
9.72
9.77
9.75
9.76
9.72
9.78
9.74
9.71
9.61
9.62
9.60
9.66
9.62
9.60
9.66
9.80
9.68
9.68
9.71
9.63
9.59
9.62
9.67
9.67
9.59
9.63
9.60
9.56
9.60
9.60
9.58
9.54
9.58
9.55
9.45
9.48
9.45
9.47
9.41
9.39
9.43
9.43
9.39
9.37
9.33
9.39
9.38
9.40
9.42
9.35
9.41
9.37
9.35
9.40
9.46
9.42
9.40
9.34
9.37
9.36
9.34
9.37
9.44
9.45
9.47
9.46
9.42
9.42
9.37
9.31
9.35
9.39
9.36
9.38
9.36
9.37
9.39
9.36
9.30
9.34
9.25
9.32
9.38
9.31
9.36
9.39
9.43
9.35
9.39
9.34
9.37
9.44
9.41
9.37
9.39
9.34
9.34
9.36
9.29
9.36
9.30
9.25
9.34
9.28
9.30
9.32
9.31
9.29
9.34
9.33
9.23
9.21
9.23
9.12
9.12
9.11
9.07
9.04
9.08
9.09
9.11
9.03
9.00
8.99
9.08
9.09
9.05
9.07
9.06
9.09
9.02
9.02
9.01
9.05
9.03
9.03
9.06
9.04
9.03
9.03
9.04
8.98
9.06
8.99
9.01
9.00
8.98
9.04
8.96
9.01
9.00
9.05
9.05
9.06
9.08
9.04
9.05
9.00
9.03
8.99
8.95
8.98
8.95
8.95
8.89
8.90
8.95
8.92
8.96
8.96
8.98
8.94
8.96
8.97
8.97
9.01
8.99
8.91
8.88
8.81
8.81
8.88
8.84
8.81
8.85
8.79
8.83
8.78
8.75
8.70
8.74
8.66
8.58
8.54
8.50
8.46
8.51
8.57
8.50
8.52
8.57
8.48
8.49
8.47
8.45
8.34
8.29
8.25
8.22
8.18
8.15
8.14
8.14
8.16
8.07
8.13
7.99
8.08
8.03
7.94
7.99
7.98
7.92
7.92
7.86
7.87
7.85
7.83
7.87
7.90
7.88
7.79
7.90
7.92
7.90
7.71
7.67
7.67
7.69
7.67
7.65
7.68
7.68
7.66
7.58
7.60
7.62
7.62
7.62
7.57
7.57
7.48
7.42
7.50
7.42
7.46
7.38
7.34
7.37
7.35
7.33
7.34
7.28
7.21
7.25
7.28
7.30
7.25
7.18
7.18
7.14
7.13
7.09
7.16
7.07
7.13
7.12
7.07
7.04
7.01
7.02
6.99
7.01
6.96
7.03
7.00
6.98
6.97
6.91
6.83
6.80
6.74
6.74
6.64
6.64
6.56
6.51
6.50
6.45
6.47
6.46
6.45
6.43
6.38
6.30
6.33
6.35
6.26
6.21
6.20
6.21
6.20
6.17
6.17
6.15
6.19
6.15
6.08
6.00
5.95
5.95
5.92
5.88
5.83
5.84
5.83
5.74
5.74
5.71
5.68
5.68
5.74
5.72
5.75
5.72
5.68
5.66
5.64
5.64
5.68
5.66
5.64
5.68
5.68
5.65
5.68
5.65
5.62
5.57
5.57
5.55
5.51
5.53
5.44
5.43
5.44
5.35
5.35
5.40
5.40
5.35
5.38
5.37
5.33
5.34
5.28
5.22
5.18
5.17
5.15
5.13
5.11
5.10
5.12
5.08
5.11
5.05
5.08
5.10
5.15
5.05
5.07
5.03
4.91
4.88
4.86
4.86
4.86
4.83
4.79
4.77
4.80
4.79
4.81
4.83
4.72
4.64
4.63
4.58
4.57
4.56
4.56
4.59
4.53
4.56
4.54
4.61
4.54
4.54
4.57
4.51
4.52
4.51
4.45
4.40
4.31
4.26
4.29
4.31
4.29
4.28
4.26
4.26
4.19
4.18
4.20
4.14
4.17
4.13
4.07
4.03
4.01
3.99
3.99
4.03
4.00
4.01
3.95
3.89
3.91
3.88
3.79
3.82
3.77
3.75
3.75
3.72
3.75
3.76
3.74
3.71
3.74
3.73
3.76
3.72
3.74
3.73
3.73
3.76
3.74
3.74
3.75
3.73
3.64
3.66
3.61
3.62
3.55
3.55
3.53
3.50
3.50
3.50
3.45
3.47
3.48
3.46
3.45
3.41
3.45
3.46
3.46
3.44
3.43
3.43
3.45
3.42
3.44
3.42
3.40
3.43
3.41
3.37
3.31
3.24
3.26
3.18
3.24
3.21
3.24
3.20
3.21
3.15
3.20
3.20
3.17
3.19
3.18
3.20
3.17
3.20
3.15
3.14
3.09
3.12
2.99
2.97
2.93
2.96
2.96
2.90
2.93
2.92
2.90
2.89
2.88
2.89
2.88
2.88
2.93
2.91
2.87
2.86
2.85
2.87
2.86
2.86
2.87
2.87
2.81
2.78
2.71
2.66
2.67
2.67
2.65
2.65
2.65
2.68
2.60
2.68
2.64
2.65
2.59
2.63
2.64
2.60
2.61
2.60
2.61
2.62
2.61
2.60
2.61
2.53
2.45
2.43
2.43
2.40
2.39
2.41
2.39
2.41
2.41
2.44
2.42
2.47
2.47
2.39
2.45
2.40
2.45
2.44
2.43
2.38
2.48
2.42
2.35
2.37
2.42
2.36
2.38
2.27
1.70
