14.11
14.58
14.52
15.00
14.48
14.36
14.48
14.42
14.47
14.28
14.31
14.36
14.32
14.23
14.29
14.41
14.47
14.39
14.32
14.41
14.41
14.34
14.27
14.31
14.22
14.05
14.18
14.18
14.19
14.13
14.16
13.90
13.81
14.02
13.81
13.71
13.71
13.46
13.49
13.60
13.66
13.52
13.74
13.71
13.66
13.69
13.70
13.71
13.89
13.82
13.70
13.68
13.57
13.61
14.04
13.98
14.27
14.06
14.17
14.16
14.13
13.86
13.85
13.82
13.93
13.86
13.72
13.69
13.75
13.86
13.84
13.80
13.71
13.55
13.68
13.52
13.66
13.57
13.71
13.64
13.79
13.70
13.72
13.64
13.53
13.67
13.38
13.67
13.57
13.50
13.57
13.54
13.38
13.26
13.38
13.28
13.16
13.29
13.08
12.95
12.82
12.78
12.77
12.55
12.58
12.43
12.30
12.27
12.17
12.10
12.11
12.13
12.01
12.01
12.09
12.00
11.84
11.94
11.79
11.86
11.77
11.79
11.66
11.62
11.41
11.10
10.91
10.75
10.70
10.74
10.61
10.75
10.72
10.54
10.67
10.65
10.56
10.25
10.34
10.16
10.03
9.93
9.80
9.93
9.64
9.58
9.58
9.44
9.25
9.11
9.06
8.96
8.86
8.93
9.03
9.02
8.93
8.79
8.80
8.75
8.75
8.88
8.52
8.31
8.32
8.23
8.20
8.04
8.04
8.07
7.93
7.86
7.87
7.70
7.72
7.71
7.81
7.66
7.68
7.75
7.69
7.66
7.69
7.69
7.72
7.71
7.72
7.70
7.72
7.69
7.66
7.62
7.60
7.62
7.57
7.56
7.52
7.35
7.36
7.29
7.27
7.27
7.27
7.02
6.89
6.71
6.67
6.52
6.45
6.42
6.28
6.13
6.03
5.89
5.85
5.73
5.59
5.48
5.30
5.09
4.98
4.87
4.75
4.61
4.55
4.53
4.53
4.40
4.31
4.29
4.24
3.99
3.99
3.99
3.81
3.73
3.71
3.65
3.49
3.47
3.43
3.45
3.43
3.33
3.26
3.16
3.19
3.22
3.00
2.94
2.98
2.98
2.90
2.76
2.71
2.67
2.76
2.67
2.67
2.48
2.41
2.39
2.37
2.34
