13.41
13.57
13.52
13.22
13.32
13.35
13.22
13.35
13.22
13.24
13.34
13.38
13.25
13.40
13.17
13.31
13.29
13.39
13.27
13.22
13.29
13.22
13.22
13.31
13.37
13.42
13.45
13.28
13.30
13.26
13.35
13.33
13.29
13.24
13.32
13.25
13.30
13.27
13.11
13.25
13.34
13.33
13.30
13.12
13.19
13.21
13.25
13.25
13.09
13.14
13.18
13.20
13.24
13.15
13.33
13.38
13.37
13.22
13.23
13.23
13.39
13.28
13.25
13.09
13.09
13.11
13.13
13.09
12.99
13.17
13.19
12.98
13.04
12.97
12.99
12.77
12.92
12.80
12.68
12.67
12.74
12.78
12.77
12.76
12.55
12.57
12.59
12.55
12.52
12.57
12.66
12.68
12.61
12.75
12.74
12.67
12.86
12.73
12.90
13.02
12.85
12.66
12.59
12.39
12.32
12.43
12.45
12.30
12.28
12.32
12.27
12.16
12.19
12.17
12.19
12.01
11.79
11.90
11.99
11.97
11.99
12.01
11.97
12.04
11.89
11.93
11.84
11.72
11.81
11.71
11.69
11.67
11.72
11.70
11.78
11.70
11.64
11.72
11.70
11.66
11.68
11.58
11.64
11.65
11.62
11.76
11.74
11.64
11.66
11.61
11.64
11.71
11.64
11.73
11.66
11.63
11.57
11.53
11.61
11.55
11.59
11.58
11.64
11.51
11.53
11.36
11.30
11.35
11.41
11.27
11.30
11.41
11.34
11.32
11.28
11.28
11.30
11.27
11.28
11.22
11.27
11.12
11.07
10.99
10.95
10.98
10.79
10.67
10.58
10.40
10.27
10.13
9.86
9.74
9.61
9.43
9.45
9.32
9.26
8.97
8.71
8.70
8.53
8.33
8.08
7.92
7.74
7.50
7.31
7.08
6.80
6.56
6.54
6.36
6.15
6.07
5.94
6.01
5.90
5.72
5.73
5.66
5.46
5.35
5.08
4.97
4.84
4.62
4.62
4.48
4.35
4.14
4.03
4.03
4.04
3.93
4.00
3.83
3.72
3.65
3.48
3.51
3.48
3.33
3.24
3.27
3.16
3.11
2.97
2.92
2.96
2.90
2.81
2.66
2.68
2.63
2.67
2.64
2.51
2.44
2.41
2.37
2.58
2.13
