17.91
18.55
18.56
18.57
18.54
18.39
18.23
18.01
18.15
17.93
17.64
17.64
17.53
17.37
17.51
17.29
17.24
17.36
17.14
17.13
17.18
16.88
17.00
17.12
16.86
16.78
16.77
16.75
16.77
16.73
16.82
16.70
17.00
16.82
16.75
16.86
16.87
17.02
16.81
16.63
16.58
16.40
16.90
16.97
16.46
16.58
16.36
16.64
16.76
16.27
16.26
16.06
16.08
16.19
15.88
15.79
15.47
15.29
15.24
15.19
14.87
14.79
14.59
14.23
14.49
14.28
14.38
14.00
13.84
13.71
13.75
13.58
13.18
13.30
13.13
12.94
12.59
12.34
12.14
12.03
11.76
11.48
11.40
11.13
10.53
10.17
9.98
9.73
9.30
9.05
8.84
8.49
8.29
8.23
7.96
7.72
7.42
7.09
6.84
6.65
6.43
6.21
5.93
5.77
5.67
5.50
5.19
5.12
4.96
4.83
4.66
4.51
4.30
4.19
4.06
4.03
3.87
3.77
3.68
3.47
3.51
3.29
3.31
3.21
3.00
2.93
2.68
2.63
2.63
2.59
2.46
2.41
