16.60
16.69
16.20
16.14
16.03
16.16
15.97
16.18
16.14
16.11
16.11
16.00
15.80
15.63
15.60
15.81
15.91
15.94
15.61
15.66
15.52
15.63
15.77
15.75
15.81
15.81
15.86
15.69
15.96
15.88
15.90
15.94
15.92
15.77
15.79
15.79
15.96
15.78
15.90
15.87
15.86
15.94
16.07
16.01
15.84
15.79
15.76
15.63
15.72
15.92
16.33
16.22
15.93
16.16
16.25
16.31
16.14
16.07
16.34
16.20
16.10
15.94
15.94
15.94
16.15
15.94
15.89
15.96
15.82
15.58
15.78
15.76
15.69
15.92
15.70
15.67
15.66
15.36
15.39
15.35
15.32
15.10
14.91
14.87
14.75
14.77
14.57
14.48
14.48
14.44
14.68
14.68
14.44
14.37
14.34
14.40
14.35
14.29
14.07
14.19
14.07
14.08
13.86
13.95
13.84
13.78
13.67
13.86
13.71
13.69
13.67
13.86
13.84
13.99
13.84
13.61
13.37
13.34
13.25
13.22
13.14
13.11
13.17
13.17
13.10
13.10
12.84
12.81
12.66
12.66
12.62
12.67
12.50
12.48
12.38
12.31
12.37
11.96
12.02
11.97
11.98
11.79
11.68
11.51
11.49
11.48
11.27
10.97
11.02
10.88
10.94
10.79
10.60
10.39
10.19
10.12
10.14
9.97
9.93
9.78
9.56
9.44
9.39
9.33
9.17
9.08
8.86
8.73
8.73
8.56
8.55
8.48
8.31
8.27
7.97
7.91
7.86
7.84
7.56
7.50
7.69
7.55
7.47
7.29
7.15
7.03
7.01
6.96
6.87
6.75
6.65
6.48
6.37
6.32
6.17
6.07
5.92
5.99
5.94
5.74
5.69
5.70
5.62
5.50
5.41
5.42
5.40
5.40
5.34
5.21
5.20
5.20
5.13
5.13
5.08
5.07
5.09
5.04
4.93
4.80
4.83
4.67
4.62
4.54
4.48
4.31
4.25
4.29
4.24
4.14
4.00
3.98
3.91
3.89
3.75
3.74
3.71
3.70
3.53
3.45
3.44
3.45
3.40
3.25
3.17
3.19
3.15
3.02
2.93
2.90
2.88
2.88
2.86
2.67
2.67
2.65
2.62
2.60
2.54
2.54
2.43
2.39
2.32
